- model: programming_assignments.assignmenthistory
  pk: 1
  fields:
    assignment: 1
    user: 1
    instructor_feedback: ''
    created_on: 2021-05-04 07:36:55.500760+00:00
    modified_on: 2021-05-04 07:36:55.500790+00:00
- model: programming_assignments.assignmenthistory
  pk: 2
  fields:
    assignment: 1
    user: 2
    instructor_feedback: ''
    created_on: 2021-05-04 07:37:06.966601+00:00
    modified_on: 2021-05-04 07:37:06.966647+00:00
- model: programming_assignments.assignmenthistory
  pk: 3
  fields:
    assignment: 1
    user: 3
    instructor_feedback: ''
    created_on: 2021-05-04 07:37:17.026136+00:00
    modified_on: 2021-05-04 07:37:17.026160+00:00
