- model: video.quizmarker
  pk: 1
  fields:
    video: 1
    time: 00:11:00
    title: Quiz marker 1
    created_on: 2021-05-03 12:15:40.176216+00:00
    modified_on: 2021-05-03 12:15:40.176237+00:00
    quiz: 1
- model: video.quizmarker
  pk: 2
  fields:
    video: 1
    time: 00:12:00
    title: Quiz marker -ii
    created_on: 2021-05-03 12:16:29.991001+00:00
    modified_on: 2021-05-03 12:16:29.991027+00:00
    quiz: 2
