- model: course.schedule
  pk: 1
  fields:
    course: 2
    start_date: 2021-05-03
    end_date: 2021-05-10
    description: ''
    content_list: '[]'
    created_on: 2021-05-03 12:45:47.110686+00:00
    modified_on: 2021-05-03 12:45:47.110747+00:00
- model: course.schedule
  pk: 2
  fields:
    course: 2
    start_date: 2021-05-04
    end_date: 2021-05-11
    description: ''
    content_list: '[]'
    created_on: 2021-05-03 12:45:59.394351+00:00
    modified_on: 2021-05-03 12:45:59.394372+00:00
