- model: video.sectionmarker
  pk: 1
  fields:
    video: 1
    time: 00:10:00
    title: Section marker - i
    created_on: 2021-05-03 11:39:38.080805+00:00
    modified_on: 2021-05-03 11:39:38.080832+00:00
- model: video.sectionmarker
  pk: 2
  fields:
    video: 1
    time: 00:15:00
    title: Section marker - ii
    created_on: 2021-05-03 11:39:58.260199+00:00
    modified_on: 2021-05-03 11:39:58.260221+00:00
