- model: registration.subscriptionhistory
  pk: 1
  fields:
    user: 1
    subscription: 1
    start_date: 2021-04-24 05:10:54.019233+00:00
    duration: 480
    purchased_on: 2021-04-24 05:10:54.019346+00:00
    modified_on: 2021-04-24 05:10:54.019369+00:00
- model: registration.subscriptionhistory
  pk: 2
  fields:
    user: 2
    subscription: 2
    start_date: 2021-04-24 05:10:54.019233+00:00
    duration: 480
    purchased_on: 2021-04-24 05:10:54.019346+00:00
    modified_on: 2021-04-24 05:10:54.019369+00:00
