- model: programming_assignments.testcasehistory
  pk: 1
  fields:
    user: 1
    testcase: 1
    marks_obtained: 5.0
    created_on: 2021-05-04 07:51:17.948965+00:00
    modified_on: 2021-05-04 07:51:17.948992+00:00
- model: programming_assignments.testcasehistory
  pk: 2
  fields:
    user: 2
    testcase: 1
    marks_obtained: 3.0
    created_on: 2021-05-04 07:51:27.979137+00:00
    modified_on: 2021-05-04 07:51:27.979159+00:00
- model: programming_assignments.testcasehistory
  pk: 3
  fields:
    user: 3
    testcase: 1
    marks_obtained: 4.0
    created_on: 2021-05-04 07:51:36.867850+00:00
    modified_on: 2021-05-04 07:51:36.867872+00:00
